 08/19/93 UW ARCHIVE           100.0  1962 W IEEE 14 Bus Test Case
BUS DATA FOLLOWS                            14 ITEMS
   1 Bus 1     HV  1  1  3 1.0300 000.00     0.0      0.0    700.0   185.0     0.0  1.030     0.0     0.0   0.0    0.0        0
   2 Bus 2     HV  1  1  2 1.0100  -9.34     0.0      0.0    700.0   235.0     0.0  1.010     0.0     0.0   0.0    0.0        0
   3 Bus 3     HV  1  1  2 1.0300 -19.01     0.0      0.0    719.0   176.0     0.0  1.030     0.0     0.0   0.0    0.0        0
   4 Bus 4     HV  1  1  2 1.0100 -29.08     0.0      0.0    700.0   202.0     0.0  1.010     0.0     0.0   0.0    0.0        0
   5 Bus 5     HV  1  1  0 1.0203  -6.30     0.0      0.0      0.0     0.0     0.0  0.0       0.0     0.0   0.0    0.0        0
   6 Bus 6     LV  1  1  0 1.0118 -15.90     0.0      0.0      0.0     0.0     0.0  0.0       0.0     0.0   0.0    0.0        0
   7 Bus 7     ZV  1  1  0 1.0213 -23.65   967.0    100.0      0.0     0.0     0.0  0.0       0.0     0.0   1.8   -13.954     0
   8 Bus 8     TV  1  1  0 1.0095 -31.66     0.0      0.0      0.0     0.0     0.0  0.0       0.0     0.0   1.8   -17.954     0
   9 Bus 9     LV  1  1  0 1.0025 -43.80  1767.0    100.0      0.0     0.0     0.0  0.0       0.0     0.0   0.0    4.0        0
  10 Bus 10    LV  1  1  0 1.0008 -35.71     0.0      0.0      0.0     0.0     0.0  0.0       0.0     0.0   0.0    0.0        0
  11 Bus 11    LV  1  1  0 1.0153 -25.59     0.0      0.0      0.0     0.0     0.0  0.0       0.0     0.0   0.0    0.0        0
-999 
BRANCH DATA FOLLOWS                         20 ITEMS
   1    5  1  1 1 0  0.0       0.01667     0.0        0     0     0    0 0  0.0       0.0 0.0    0.0     0.0    0.0   0.0
   2    6  1  1 1 0  0.0       0.01667     0.0        0     0     0    0 0  0.0       0.0 0.0    0.0     0.0    0.0   0.0
   5    6  1  1 1 0  0.0025    0.025       0.04375    0     0     0    0 0  0.0       0.0 0.0    0.0     0.0    0.0   0.0
   6    7  1  1 1 0  0.0010    0.010       0.0175     0     0     0    0 0  0.0       0.0 0.0    0.0     0.0    0.0   0.0
   7    8  1  1 1 0  0.0055    0.055       0.3850     0     0     0    0 0  0.0       0.0 0.0    0.0     0.0    0.0   0.0
   8    9  1  1 1 0  0.0055    0.055       0.3850     0     0     0    0 0  0.0       0.0 0.0    0.0     0.0    0.0   0.0
   9   10  1  1 1 0  0.0010    0.010       0.0175     0     0     0    0 0  0.0       0.0 0.0    0.0     0.0    0.0   0.0
  10    4  1  1 1 0  0.0       0.01667     0.0        0     0     0    0 0  0.0       0.0 0.0    0.0     0.0    0.0   0.0
  10   11  1  1 1 0  0.0025    0.025       0.04375    0     0     0    0 0  0.0       0.0 0.0    0.0     0.0    0.0   0.0
  11    3  1  1 1 0  0.0       0.01667     0.0        0     0     0    0 0  0.0       0.0 0.0    0.0     0.0    0.0   0.0
-999
LOSS ZONES FOLLOWS                     1 ITEMS
  1 IEEE 14 BUS
-99
INTERCHANGE DATA FOLLOWS                 1 ITEMS
 1    2 Bus 2     HV    0.0  999.99  IEEE14  IEEE 14 Bus Test Case
-9
TIE LINES FOLLOWS                     0 ITEMS
-999
END OF DATA

NOTES:

   7                        110km                          8
   |-------------------------------------------------------|
---|-------------------------------------------------------|---------
   |         55km   zf                   zf     55km       |---------
L7 |-------------~~~~~~---. f .---------~~~~~~-------------|
 <-|-.      |             |   |                     |      |
     |     === bc/2      \|/ \|/                   === bc/2
  C7===     |         3Phase to Ground Fault        |
     |     GND                                     GND
    GND