Results
The table below shows the values of the bus of interest at the nose point.
Bus	    λ 	        P (p.u.)	   Q (p.u.)	V (p.u.)	V angle (degrees)
4 (p3f)	3.4493	    -1.6488	    -0.1345	    0.7079	-62.1989
5	    3.4493	    -0.2621	    -0.0552	    0.7188	-50.5223
7	    3.4492	    0	        0	        0.7782	-76.7181
9	    3.4477	    -1.0171	    -0.9171	    0.6821	-90.4817
10	    3.4493	    -0.3104	    -0.2001	    0.7072	-94.8106
11	    3.4489	    -0.1207	    -0.0621	    0.8720	-96.3316
12 fails	        3.4 ( last p1)
13	    3.4446	    -0.4650	    -0.1998	    0.8928	-106.48
14	    3.4489	    -0.8588	    -0.1724	    0.5910	-112.795

4: [ 0.025       0.73289026 -1.08557632  3.44934843 -1.64878855 -0.13452459]
5: [ 0.025       0.71877517 -0.88178058  3.44928907 -0.26214597 -0.05518863]
7: [ 0.025       0.77826625 -1.33898366  3.44923836  0.         -0.        ]
9:  [ 0.025       0.68207036 -1.57920377  3.44772239 -1.0170781  -0.91709415]
10: [ 0.025       0.70715886 -1.65475706  3.44925812 -0.31043323 -0.20005697]
11: [ 0.025       0.87197625 -1.68130341  3.44889727 -0.1207114  -0.06208015]
13: [ 0.025       0.8928388  -1.85842145  3.44456053 -0.46501567 -0.19978451]
14:[ 0.025       0.5909666  -1.96863926  3.44889023 -0.85877367 -0.17244451]
